4 519983 长信量化先锋混合 -9.54 1.12 9.69 3.09 34.88 27.48 55.38 43.69 16.85 0.0 123.08
10 160212 国泰估值优势混合(LOF) -8.04 4.11 16.2 11.17 33.22 31.13 49.11 36.6 12.57 0.0 100.1
32 020003 国泰金龙行业混合 -4.98 3.88 13.65 12.03 31.66 24.64 40.08 27.13 8.78 19.21 662.82
24 160211 国泰中小盘成长混合(LOF) -8.28 4.24 16.21 11.52 29.28 18.91 41.97 38.13 16.93 0.0 161.41
13 233009 大摩多因子精选策略混合 -9.41 1.14 13.25 3.63 26.68 10.22 46.92 41.04 0.0 0.0 153.32
17 202019 南方策略优化混合 -9.87 1.04 9.94 3.19 25.46 8.54 44.87 28.23 6.24 0.0 38.74
53 410007 华富价值增长混合 -4.51 2.23 10.29 5.25 25.42 6.29 37.9 29.9 14.83 0.0 80.25
3 040035 华安逆向策略混合 -14.38 1.54 14.17 -1.0 24.36 23.06 57.34 47.35 0.0 0.0 235.93
14 080012 长盛电子信息产业混合 -8.07 0.12 7.13 -0.8 21.66 20.19 46.87 53.75 0.0 0.0 285.07
127 040025 华安科技动力混合 -10.81 1.4 13.14 5.39 21.21 -1.75 31.47 34.63 0.0 0.0 175.5
40 210004 金鹰稳健成长混合 -14.81 3.82 14.12 -0.42 20.3 0.73 39.17 34.63 10.16 0.0 100.78
34 160215 国泰价值经典混合(LOF) -12.04 1.48 11.0 1.38 18.26 -2.93 39.69 25.43 8.91 0.0 55.51
2 590008 中邮战略新兴产业混合 -9.41 1.04 15.0 1.82 18.23 16.86 59.8 65.59 0.0 0.0 454.4
20 161810 银华内需精选混合 -12.18 0.0 9.63 -0.89 18.23 10.65 43.27 33.07 9.91 0.0 70.78
19 570005 诺德成长优势混合 -1.53 0.22 4.15 4.24 15.62 9.32 43.94 33.36 13.4 0.0 131.0
47 519113 浦银安盛精致生活混合 -20.25 0.55 16.32 -4.71 15.53 23.04 38.18 33.17 14.6 0.0 113.4
65 040015 华安动态灵活配置混合 -13.15 0.89 11.13 0.47 15.2 6.52 36.96 30.3 12.39 0.0 99.97
48 163412 兴全轻资产混合 -11.75 -0.29 8.2 2.82 15.03 19.86 38.16 47.92 0.0 0.0 241.48
62 519704 交银先进制造混合 -15.46 0.27 9.36 -1.67 14.82 10.61 37.21 31.77 0.0 0.0 123.1
159 340008 兴全有机增长混合 -1.0 -0.15 7.4 3.62 14.71 13.25 29.46 35.25 15.93 0.0 173.32
26 519120 浦银安盛新兴产业混合 -22.41 0.34 15.44 -4.62 14.55 21.16 41.93 33.89 0.0 0.0 139.3
15 163406 兴全合润分级混合 -11.89 -0.15 8.33 2.95 14.39 22.92 46.64 40.43 19.6 0.0 166.57
31 540003 汇丰晋信动态策略混合A -11.97 2.09 8.0 0.2 14.31 5.21 40.46 28.76 10.92 0.0 129.57
41 519068 汇添富成长焦点混合 -12.36 0.89 8.5 1.18 14.02 5.55 39.07 26.77 14.18 0.0 180.59
36 166011 中欧盛世成长混合(LOF)-A -14.17 0.26 4.56 -3.07 13.72 10.39 39.44 39.13 0.0 0.0 189.51
